#                                                               --- full sequence ---- --- best 1 domain ---- --- domain number estimation ----
# target name        accession  query name           accession    E-value  score  bias   E-value  score  bias   exp reg clu  ov env dom rep inc description of target
#------------------- ---------- -------------------- ---------- --------- ------ ----- --------- ------ -----   --- --- --- --- --- --- --- --- ---------------------
Sfam_2371            -          2509828442           -              9e-05   11.6   0.0   0.00013   11.1   0.0   1.2   1   0   0   1   1   1   1 -
Sfam_13850           -          2509828518           -           1.4e-141  462.4   0.1  1.7e-141  462.1   0.1   1.0   1   0   0   1   1   1   1 -
Sfam_4694            -          2509828518           -            1.6e-45  145.8   0.0   2.2e-45  145.4   0.0   1.1   1   0   0   1   1   1   1 -
Sfam_16989           -          2509828518           -            7.5e-36  113.9   0.0   9.2e-36  113.6   0.0   1.1   1   0   0   1   1   1   1 -
Sfam_4782            -          2509828518           -            7.7e-36  114.2   0.0   4.2e-35  111.8   0.1   1.8   2   0   0   2   2   2   1 -
Sfam_11213           -          2509828518           -            4.3e-31   98.2   0.1     2e-30   96.0   0.1   1.8   2   0   0   2   2   2   1 -
Sfam_13942           -          2509828518           -            6.3e-30   94.1   0.0   8.4e-30   93.7   0.0   1.1   1   0   0   1   1   1   1 -
Sfam_85732           -          2509828518           -            7.6e-28   87.6   0.0   8.6e-28   87.4   0.0   1.2   1   0   0   1   1   1   1 -
Sfam_300212          -          2509828518           -            2.9e-21   66.1   0.1   4.5e-21   65.5   0.1   1.2   1   0   0   1   1   1   1 -
Sfam_4209            -          2509828518           -            4.1e-20   62.1   0.0   5.7e-20   61.7   0.0   1.1   1   0   0   1   1   1   1 -
Sfam_48606           -          2509828518           -            2.9e-17   52.5   0.7   6.5e-17   51.3   0.5   1.6   1   1   1   2   2   2   1 -
Sfam_77599           -          2509828518           -            2.3e-15   46.0   0.0   4.8e-15   45.0   0.0   1.4   1   0   0   1   1   1   1 -
Sfam_56914           -          2509828518           -            1.8e-14   43.4   0.0   2.8e-14   42.7   0.0   1.2   1   0   0   1   1   1   1 -
Sfam_2371            -          2509828518           -            2.7e-09   26.6   0.0   4.7e-09   25.7   0.0   1.4   1   0   0   1   1   1   1 -
Sfam_13758           -          2509828518           -            3.8e-09   25.8   0.3   5.5e-09   25.3   0.3   1.2   1   0   0   1   1   1   1 -
Sfam_14588           -          2509828518           -            2.6e-07   20.1   0.1   6.5e-07   18.8   0.0   1.6   2   0   0   2   2   2   1 -
Sfam_3800            -          2509828518           -            1.3e-06   17.4   0.0   2.1e-06   16.8   0.0   1.2   1   0   0   1   1   1   1 -
Sfam_20103           -          2509828518           -            1.6e-06   17.2   0.3   3.2e-06   16.2   0.1   1.6   2   0   0   2   2   2   1 -
Sfam_300212          -          2509829515           -            3.3e-06   16.8   0.1   4.5e-06   16.4   0.1   1.2   1   0   0   1   1   1   1 -
Sfam_4694            -          2509829515           -            1.1e-05   14.8   0.3   1.5e-05   14.4   0.3   1.1   1   0   0   1   1   1   1 -
Sfam_4209            -          2509829515           -            1.6e-05   14.1   0.0   1.9e-05   13.9   0.0   1.1   1   0   0   1   1   1   1 -
Sfam_13758           -          2509829515           -            2.6e-05   13.2   0.0     3e-05   13.0   0.0   1.1   1   0   0   1   1   1   1 -
Sfam_85732           -          2509829515           -            2.9e-05   13.3   0.1   3.8e-05   12.9   0.1   1.1   1   0   0   1   1   1   1 -
Sfam_2371            -          2509829515           -            0.00016   10.8   0.0   0.00018   10.6   0.0   1.1   1   0   0   1   1   1   1 -
Sfam_4694            -          2509831456           -            2.7e-44  141.7   0.3   3.8e-44  141.3   0.3   1.2   1   0   0   1   1   1   1 -
Sfam_4782            -          2509831456           -            1.2e-38  123.4   0.3   1.7e-38  123.0   0.3   1.1   1   0   0   1   1   1   1 -
Sfam_13942           -          2509831456           -            1.2e-37  119.6   0.7   1.4e-37  119.3   0.7   1.1   1   0   0   1   1   1   1 -
Sfam_11213           -          2509831456           -            3.2e-37  118.4   0.3   4.4e-37  117.9   0.3   1.1   1   0   0   1   1   1   1 -
Sfam_16989           -          2509831456           -            3.1e-36  115.2   0.3   4.5e-36  114.7   0.3   1.2   1   0   0   1   1   1   1 -
Sfam_85732           -          2509831456           -            1.2e-33  106.6   0.2   1.7e-33  106.1   0.2   1.1   1   0   0   1   1   1   1 -
Sfam_13850           -          2509831456           -            2.1e-30   95.8   0.8     3e-30   95.3   0.1   1.5   2   0   0   2   2   2   1 -
Sfam_300212          -          2509831456           -            1.6e-26   83.3   0.2   2.3e-26   82.8   0.2   1.2   1   0   0   1   1   1   1 -
Sfam_48606           -          2509831456           -            9.7e-24   73.8   0.5   1.4e-23   73.3   0.5   1.2   1   0   0   1   1   1   1 -
Sfam_4209            -          2509831456           -            2.5e-21   66.1   0.3   4.1e-21   65.4   0.3   1.3   1   0   0   1   1   1   1 -
Sfam_77599           -          2509831456           -            2.6e-19   59.0   0.1   3.5e-19   58.6   0.1   1.1   1   0   0   1   1   1   1 -
Sfam_56914           -          2509831456           -              9e-16   47.7   0.0   1.4e-15   47.0   0.0   1.4   1   0   0   1   1   1   1 -
Sfam_2371            -          2509831456           -            1.4e-12   37.3   0.4     1e-10   31.3   0.1   2.2   2   0   0   2   2   2   1 -
Sfam_13758           -          2509831456           -            1.6e-12   36.9   0.0   2.4e-12   36.4   0.0   1.2   1   0   0   1   1   1   1 -
Sfam_14588           -          2509831456           -            9.8e-11   31.4   0.2   1.8e-10   30.5   0.2   1.3   1   1   0   1   1   1   1 -
Sfam_3800            -          2509831456           -            2.3e-09   26.5   1.0   2.4e-09   26.4   0.1   1.5   2   0   0   2   2   2   1 -
Sfam_20103           -          2509831456           -            1.3e-06   17.4   0.1   1.9e-06   16.9   0.1   1.2   1   0   0   1   1   1   1 -
Sfam_4694            -          2509831460           -            4.1e-45  144.5   0.0     5e-45  144.2   0.0   1.1   1   0   0   1   1   1   1 -
Sfam_4782            -          2509831460           -            6.4e-40  127.6   0.3   7.7e-40  127.3   0.3   1.1   1   0   0   1   1   1   1 -
Sfam_13942           -          2509831460           -            4.9e-37  117.5   0.2   6.2e-37  117.2   0.2   1.1   1   0   0   1   1   1   1 -
Sfam_16989           -          2509831460           -              7e-37  117.3   0.0   9.7e-37  116.9   0.0   1.1   1   0   0   1   1   1   1 -
Sfam_11213           -          2509831460           -            1.6e-34  109.5   0.1     2e-34  109.1   0.1   1.1   1   0   0   1   1   1   1 -
Sfam_85732           -          2509831460           -            3.1e-30   95.4   0.4   4.6e-30   94.8   0.4   1.3   1   1   0   1   1   1   1 -
Sfam_13850           -          2509831460           -            2.1e-27   85.9   0.2   2.5e-27   85.7   0.2   1.2   1   0   0   1   1   1   1 -
Sfam_4209            -          2509831460           -            5.2e-27   84.8   0.1   6.3e-27   84.6   0.1   1.1   1   0   0   1   1   1   1 -
Sfam_48606           -          2509831460           -            2.2e-23   72.6   0.1   2.7e-23   72.3   0.1   1.3   1   0   0   1   1   1   1 -
Sfam_300212          -          2509831460           -            4.3e-22   68.8   0.1   5.6e-22   68.4   0.1   1.2   1   0   0   1   1   1   1 -
Sfam_13758           -          2509831460           -            2.2e-20   62.9   0.1   3.2e-20   62.3   0.1   1.1   1   0   0   1   1   1   1 -
Sfam_56914           -          2509831460           -            6.6e-18   54.7   0.7   1.3e-17   53.8   0.2   1.7   2   0   0   2   2   2   1 -
Sfam_77599           -          2509831460           -            1.5e-16   50.0   0.3   1.9e-16   49.6   0.3   1.1   1   0   0   1   1   1   1 -
Sfam_3800            -          2509831460           -            1.1e-12   37.4   0.2   1.6e-12   36.9   0.2   1.2   1   0   0   1   1   1   1 -
Sfam_14588           -          2509831460           -            6.5e-12   35.2   0.8   1.3e-11   34.2   0.8   1.4   1   1   0   1   1   1   1 -
Sfam_2371            -          2509831460           -            6.5e-12   35.2   1.7   1.3e-11   34.2   0.2   1.9   2   0   0   2   2   2   1 -
Sfam_20103           -          2509831460           -            8.6e-08   21.4   0.2   1.3e-07   20.8   0.2   1.2   1   0   0   1   1   1   1 -
Sfam_13850           -          2509831723           -           1.2e-186  611.0   0.0  1.5e-186  610.7   0.0   1.0   1   0   0   1   1   1   1 -
Sfam_4694            -          2509831723           -            1.3e-57  185.6   0.0   1.9e-57  185.0   0.0   1.1   1   0   0   1   1   1   1 -
Sfam_4782            -          2509831723           -            2.5e-48  155.3   0.0   1.6e-47  152.6   0.0   1.9   1   1   0   1   1   1   1 -
Sfam_16989           -          2509831723           -            9.9e-48  153.0   0.0   1.4e-47  152.5   0.0   1.2   1   0   0   1   1   1   1 -
Sfam_13942           -          2509831723           -            5.5e-41  130.5   0.0   6.7e-40  126.9   0.0   2.0   1   1   0   1   1   1   1 -
Sfam_85732           -          2509831723           -            1.1e-36  116.6   0.1   1.5e-36  116.2   0.1   1.1   1   0   0   1   1   1   1 -
Sfam_11213           -          2509831723           -            1.1e-31  100.1   0.2   1.5e-31   99.7   0.2   1.1   1   0   0   1   1   1   1 -
Sfam_300212          -          2509831723           -            5.5e-29   91.4   0.0   8.6e-29   90.7   0.0   1.2   1   0   0   1   1   1   1 -
Sfam_4209            -          2509831723           -            3.8e-27   85.3   0.1   5.3e-27   84.8   0.1   1.2   1   0   0   1   1   1   1 -
Sfam_48606           -          2509831723           -            2.1e-26   82.6   0.1   4.1e-26   81.6   0.1   1.4   1   1   0   1   1   1   1 -
Sfam_77599           -          2509831723           -            3.2e-17   52.2   0.1   5.4e-17   51.4   0.1   1.3   1   0   0   1   1   1   1 -
Sfam_56914           -          2509831723           -            6.5e-17   51.4   0.0   1.8e-16   50.0   0.0   1.6   2   0   0   2   2   2   1 -
Sfam_13758           -          2509831723           -            2.5e-16   49.5   0.0   3.5e-16   49.0   0.0   1.1   1   0   0   1   1   1   1 -
Sfam_2371            -          2509831723           -            8.4e-16   48.0   0.1   2.2e-14   43.3   0.0   2.0   2   0   0   2   2   2   1 -
Sfam_14588           -          2509831723           -            2.5e-13   39.9   0.1   6.6e-13   38.5   0.1   1.6   1   1   0   1   1   1   1 -
Sfam_20103           -          2509831723           -              2e-11   33.3   0.0   2.9e-11   32.8   0.0   1.1   1   0   0   1   1   1   1 -
Sfam_3800            -          2509831723           -            1.7e-09   26.9   0.0   2.5e-09   26.4   0.0   1.2   1   0   0   1   1   1   1 -
Sfam_4694            -          2509831933           -            4.5e-06   16.1   0.0   4.5e-06   16.1   0.0   1.0   1   0   0   1   1   1   1 -
Sfam_13850           -          2509832552           -           4.9e-165  539.8   0.5  5.4e-165  539.6   0.5   1.0   1   0   0   1   1   1   1 -
Sfam_4694            -          2509832552           -            3.3e-57  184.2   0.1   4.8e-57  183.7   0.1   1.2   1   0   0   1   1   1   1 -
Sfam_4782            -          2509832552           -            3.7e-45  144.8   0.1     1e-42  136.8   0.1   2.1   1   1   0   1   1   1   1 -
Sfam_16989           -          2509832552           -            9.4e-41  130.1   0.2   1.2e-39  126.5   0.2   2.0   1   1   0   1   1   1   1 -
Sfam_13942           -          2509832552           -            7.3e-35  110.4   0.0   1.5e-34  109.4   0.0   1.4   2   0   0   2   2   2   1 -
Sfam_11213           -          2509832552           -            1.9e-32  102.7   0.0   2.9e-32  102.0   0.0   1.2   1   0   0   1   1   1   1 -
Sfam_85732           -          2509832552           -              6e-30   94.5   0.1   1.1e-29   93.6   0.1   1.4   1   0   0   1   1   1   1 -
Sfam_4209            -          2509832552           -            7.3e-29   90.9   0.0   1.3e-28   90.2   0.0   1.3   1   0   0   1   1   1   1 -
Sfam_300212          -          2509832552           -            1.5e-22   70.3   0.1   2.2e-22   69.7   0.1   1.2   1   0   0   1   1   1   1 -
Sfam_48606           -          2509832552           -            7.6e-22   67.6   0.1   8.8e-22   67.3   0.1   1.1   1   0   0   1   1   1   1 -
Sfam_56914           -          2509832552           -            1.3e-19   60.3   0.0   3.2e-19   59.0   0.0   1.5   1   1   0   1   1   1   1 -
Sfam_77599           -          2509832552           -            2.5e-19   59.1   0.0   3.5e-19   58.6   0.0   1.1   1   0   0   1   1   1   1 -
Sfam_20103           -          2509832552           -            2.3e-15   46.3   0.0   3.3e-15   45.8   0.0   1.2   1   0   0   1   1   1   1 -
Sfam_14588           -          2509832552           -            1.1e-13   41.1   0.0   2.3e-13   40.0   0.0   1.5   1   0   0   1   1   1   1 -
Sfam_2371            -          2509832552           -            1.4e-13   40.6   0.2   1.7e-12   37.1   0.2   2.0   1   1   0   1   1   1   1 -
Sfam_13758           -          2509832552           -            3.1e-13   39.3   0.0   4.6e-13   38.7   0.0   1.2   1   0   0   1   1   1   1 -
Sfam_3800            -          2509832552           -            5.6e-09   25.2   0.0   9.8e-09   24.4   0.0   1.3   1   0   0   1   1   1   1 -
Sfam_13850           -          2509832614           -           8.8e-159  519.1   1.0    1e-158  518.9   1.0   1.0   1   0   0   1   1   1   1 -
Sfam_4694            -          2509832614           -            5.1e-53  170.4   2.0   1.3e-52  169.1   2.0   1.6   1   1   0   1   1   1   1 -
Sfam_4782            -          2509832614           -            2.2e-43  139.0   0.6   4.6e-43  137.9   0.5   1.5   2   0   0   2   2   2   1 -
Sfam_16989           -          2509832614           -            2.1e-42  135.5   0.3   3.5e-42  134.7   0.3   1.3   1   0   0   1   1   1   1 -
Sfam_11213           -          2509832614           -            8.2e-39  123.6   0.7   1.2e-38  123.1   0.7   1.1   1   0   0   1   1   1   1 -
Sfam_13942           -          2509832614           -            4.7e-38  120.9   1.3   5.6e-38  120.6   0.4   1.5   2   0   0   2   2   2   1 -
Sfam_4209            -          2509832614           -            7.7e-34  107.3   0.1   1.2e-33  106.7   0.1   1.2   1   0   0   1   1   1   1 -
Sfam_85732           -          2509832614           -            5.9e-33  104.3   0.6   7.6e-33  104.0   0.6   1.1   1   0   0   1   1   1   1 -
Sfam_300212          -          2509832614           -            8.7e-29   90.7   0.1   1.4e-28   90.1   0.1   1.2   1   0   0   1   1   1   1 -
Sfam_48606           -          2509832614           -              4e-25   78.4   0.1   5.8e-25   77.8   0.1   1.2   1   0   0   1   1   1   1 -
Sfam_77599           -          2509832614           -            1.1e-19   60.3   0.1   1.8e-19   59.5   0.1   1.3   1   0   0   1   1   1   1 -
Sfam_56914           -          2509832614           -            1.5e-18   56.8   0.0   2.8e-18   55.9   0.0   1.5   1   0   0   1   1   1   1 -
Sfam_2371            -          2509832614           -            1.5e-17   53.8   0.1   2.1e-17   53.3   0.1   1.2   1   0   0   1   1   1   1 -
Sfam_14588           -          2509832614           -            1.6e-16   50.5   0.4   4.6e-16   48.9   0.4   1.7   1   1   0   1   1   1   1 -
Sfam_13758           -          2509832614           -            1.7e-16   50.0   1.4   2.8e-16   49.3   1.4   1.2   1   0   0   1   1   1   1 -
Sfam_20103           -          2509832614           -              5e-16   48.5   0.1     8e-16   47.8   0.1   1.2   1   0   0   1   1   1   1 -
Sfam_3800            -          2509832614           -            1.2e-13   40.6   0.8     2e-13   39.9   0.1   1.7   2   0   0   2   2   2   1 -
Sfam_16989           -          2509833433           -            2.4e-80  260.3   1.4   2.7e-80  260.1   1.4   1.0   1   0   0   1   1   1   1 -
Sfam_13942           -          2509833433           -            6.2e-69  222.4   2.0   7.5e-69  222.2   2.0   1.0   1   0   0   1   1   1   1 -
Sfam_4694            -          2509833433           -            1.8e-65  211.4   2.1   2.2e-65  211.1   2.1   1.0   1   0   0   1   1   1   1 -
Sfam_4782            -          2509833433           -            2.7e-55  178.2   0.7   3.4e-55  177.8   0.7   1.0   1   0   0   1   1   1   1 -
Sfam_13850           -          2509833433           -            4.6e-37  117.8   1.7   5.8e-37  117.5   1.7   1.1   1   0   0   1   1   1   1 -
Sfam_11213           -          2509833433           -            1.7e-36  116.0   1.9   2.1e-36  115.7   1.9   1.0   1   0   0   1   1   1   1 -
Sfam_300212          -          2509833433           -            7.8e-36  113.8   0.1   2.2e-35  112.3   0.1   1.6   1   1   1   2   2   2   1 -
Sfam_85732           -          2509833433           -            7.9e-35  110.5   1.0   8.7e-35  110.4   1.0   1.1   1   0   0   1   1   1   1 -
Sfam_4209            -          2509833433           -            3.7e-33  105.0   1.8   4.5e-33  104.8   1.8   1.0   1   0   0   1   1   1   1 -
Sfam_48606           -          2509833433           -            4.3e-26   81.5   0.7   8.7e-26   80.5   0.1   1.7   2   1   0   2   2   2   1 -
Sfam_77599           -          2509833433           -              1e-24   76.9   0.1   1.2e-24   76.6   0.1   1.1   1   0   0   1   1   1   1 -
Sfam_56914           -          2509833433           -            1.6e-20   63.3   0.1   6.4e-20   61.3   0.1   1.9   1   1   0   1   1   1   1 -
Sfam_3800            -          2509833433           -            4.1e-20   61.9   0.1   6.3e-20   61.3   0.1   1.3   1   0   0   1   1   1   1 -
Sfam_14588           -          2509833433           -            1.9e-19   60.1   0.4   3.5e-19   59.2   0.4   1.4   1   0   0   1   1   1   1 -
Sfam_2371            -          2509833433           -            2.7e-18   56.2   0.2   3.1e-17   52.7   0.2   2.0   1   1   0   1   1   1   1 -
Sfam_13758           -          2509833433           -            2.3e-16   49.6   0.4   4.1e-16   48.8   0.4   1.3   1   1   0   1   1   1   1 -
Sfam_20103           -          2509833433           -            3.3e-10   29.3   0.1   6.9e-10   28.3   0.0   1.4   1   1   0   1   1   1   1 -
Sfam_4694            -          2509833544           -            3.3e-33  105.3   0.9   1.1e-25   80.6   0.4   2.0   2   0   0   2   2   2   2 -
Sfam_4782            -          2509833544           -              7e-28   88.0   0.8   1.9e-24   76.7   0.3   2.0   1   1   1   2   2   2   2 -
Sfam_16989           -          2509833544           -            9.2e-24   74.2   0.3   1.1e-23   73.9   0.3   1.1   1   0   0   1   1   1   1 -
Sfam_13850           -          2509833544           -            1.4e-17   53.5   3.7   3.5e-16   48.9   1.5   2.0   1   1   1   2   2   2   2 -
Sfam_13942           -          2509833544           -              2e-17   53.0   0.2   2.8e-17   52.5   0.2   1.1   1   0   0   1   1   1   1 -
Sfam_11213           -          2509833544           -            5.6e-17   51.7   0.4   7.2e-17   51.3   0.4   1.1   1   0   0   1   1   1   1 -
Sfam_85732           -          2509833544           -            2.7e-16   49.6   0.3     5e-16   48.7   0.2   1.4   1   1   1   2   2   2   1 -
Sfam_4209            -          2509833544           -            5.4e-16   48.6   0.1   7.5e-16   48.1   0.1   1.1   1   0   0   1   1   1   1 -
Sfam_48606           -          2509833544           -            6.4e-15   44.7   0.0   8.3e-15   44.4   0.0   1.1   1   0   0   1   1   1   1 -
Sfam_300212          -          2509833544           -            9.4e-15   44.8   0.0     1e-14   44.7   0.0   1.1   1   0   0   1   1   1   1 -
Sfam_56914           -          2509833544           -            8.6e-12   34.5   0.0     1e-11   34.3   0.0   1.1   1   0   0   1   1   1   1 -
Sfam_13758           -          2509833544           -            1.5e-10   30.4   0.1     2e-10   30.1   0.1   1.1   1   0   0   1   1   1   1 -
Sfam_3800            -          2509833544           -            3.2e-09   26.0   0.1   3.9e-09   25.7   0.1   1.1   1   0   0   1   1   1   1 -
Sfam_77599           -          2509833544           -            1.9e-08   23.2   0.0   1.9e-08   23.2   0.0   1.1   1   0   0   1   1   1   1 -
Sfam_14588           -          2509833544           -            8.5e-08   21.7   0.0   1.1e-07   21.3   0.0   1.1   1   0   0   1   1   1   1 -
Sfam_2371            -          2509833544           -            8.8e-05   11.7   0.0   9.7e-05   11.5   0.0   1.1   1   0   0   1   1   1   1 -
Sfam_85732           -          2509833930           -            1.8e-09   27.1   1.0   3.3e-09   26.3   1.0   1.3   1   0   0   1   1   1   1 -
Sfam_13942           -          2509833930           -            1.9e-09   26.7   0.5   3.1e-09   26.0   0.5   1.2   1   0   0   1   1   1   1 -
Sfam_300212          -          2509833930           -            8.8e-09   25.2   0.2   1.7e-08   24.3   0.2   1.4   1   0   0   1   1   1   1 -
Sfam_77599           -          2509833930           -              1e-08   24.1   0.1   1.5e-08   23.5   0.1   1.2   1   0   0   1   1   1   1 -
Sfam_4782            -          2509833930           -            1.2e-08   24.8   0.6   1.7e-08   24.2   0.6   1.2   1   0   0   1   1   1   1 -
Sfam_4209            -          2509833930           -            1.7e-08   23.9   0.4   2.5e-08   23.3   0.4   1.2   1   0   0   1   1   1   1 -
Sfam_4694            -          2509833930           -              2e-08   23.8   1.5   4.3e-08   22.7   1.5   1.4   1   0   0   1   1   1   1 -
Sfam_16989           -          2509833930           -            4.7e-08   22.5   0.6   7.9e-08   21.8   0.6   1.3   1   0   0   1   1   1   1 -
Sfam_11213           -          2509833930           -            5.6e-08   22.0   0.3     8e-08   21.5   0.3   1.2   1   0   0   1   1   1   1 -
Sfam_20103           -          2509833930           -            2.7e-07   19.7   0.1   4.4e-07   19.0   0.1   1.3   1   0   0   1   1   1   1 -
Sfam_3800            -          2509833930           -            1.3e-06   17.4   0.2     2e-06   16.8   0.2   1.2   1   0   0   1   1   1   1 -
Sfam_14588           -          2509833930           -            2.6e-06   16.8   0.3   4.2e-06   16.1   0.3   1.2   1   0   0   1   1   1   1 -
Sfam_2371            -          2509833930           -            2.8e-06   16.6   0.7   4.3e-06   16.0   0.7   1.2   1   0   0   1   1   1   1 -
Sfam_56914           -          2509833930           -            4.9e-06   15.6   0.1   9.7e-06   14.6   0.1   1.4   1   0   0   1   1   1   1 -
Sfam_13758           -          2509833930           -            1.5e-05   14.0   0.4   2.4e-05   13.3   0.4   1.2   1   0   0   1   1   1   1 -
Sfam_48606           -          2509833930           -            7.6e-05   11.6   0.3   0.00012   10.9   0.3   1.2   1   0   0   1   1   1   1 -
Sfam_13942           -          2509834245           -            6.5e-14   41.4   0.5   1.3e-13   40.4   0.5   1.4   1   0   0   1   1   1   1 -
Sfam_16989           -          2509834245           -            8.1e-12   34.9   0.7   2.1e-11   33.5   0.7   1.6   1   1   0   1   1   1   1 -
Sfam_4782            -          2509834245           -            1.4e-11   34.4   0.4   2.8e-11   33.4   0.4   1.5   1   0   0   1   1   1   1 -
Sfam_4694            -          2509834245           -              6e-11   32.1   1.0   2.5e-10   30.1   1.0   1.8   1   1   0   1   1   1   1 -
Sfam_48606           -          2509834245           -            1.1e-10   30.8   0.2     2e-10   29.9   0.2   1.4   1   1   0   1   1   1   1 -
Sfam_300212          -          2509834245           -            5.4e-09   25.9   0.1   5.4e-09   25.9   0.1   1.6   2   0   0   2   2   2   1 -
Sfam_4209            -          2509834245           -            2.7e-08   23.2   1.0   1.5e-07   20.8   1.0   2.1   1   1   0   1   1   1   1 -
Sfam_85732           -          2509834245           -            1.6e-07   20.7   0.2   2.8e-07   20.0   0.2   1.2   1   0   0   1   1   1   1 -
Sfam_11213           -          2509834245           -            8.1e-07   18.2   0.1   1.4e-06   17.4   0.1   1.3   1   0   0   1   1   1   1 -
Sfam_56914           -          2509834245           -            1.8e-06   17.0   0.0   2.7e-06   16.4   0.0   1.1   1   0   0   1   1   1   1 -
Sfam_13850           -          2509834245           -            4.8e-05   12.2   0.2   8.8e-05   11.4   0.2   1.3   1   0   0   1   1   1   1 -
Sfam_13758           -          2509834245           -            8.5e-05   11.5   0.1   0.00014   10.7   0.1   1.3   1   0   0   1   1   1   1 -
Sfam_4209            -          2509834577           -            1.1e-13   41.0   0.0   1.3e-13   40.7   0.0   1.0   1   0   0   1   1   1   1 -
Sfam_16989           -          2509834577           -              3e-12   36.3   0.0   3.3e-12   36.1   0.0   1.0   1   0   0   1   1   1   1 -
Sfam_2371            -          2509834577           -            2.2e-11   33.4   0.0   2.6e-11   33.2   0.0   1.1   1   0   0   1   1   1   1 -
Sfam_14588           -          2509834577           -            3.3e-11   32.9   0.0   4.3e-11   32.6   0.0   1.1   1   0   0   1   1   1   1 -
Sfam_13758           -          2509834577           -            3.6e-11   32.5   0.0   4.5e-11   32.2   0.0   1.0   1   0   0   1   1   1   1 -
Sfam_4782            -          2509834577           -            4.5e-11   32.7   0.0   4.7e-11   32.6   0.0   1.2   1   0   0   1   1   1   1 -
Sfam_3800            -          2509834577           -            6.3e-11   31.6   0.0   8.4e-11   31.2   0.0   1.1   1   0   0   1   1   1   1 -
Sfam_4694            -          2509834577           -            1.5e-10   30.8   0.0   1.8e-10   30.5   0.0   1.1   1   0   0   1   1   1   1 -
Sfam_11213           -          2509834577           -            5.3e-10   28.7   0.0   6.7e-10   28.4   0.0   1.1   1   0   0   1   1   1   1 -
Sfam_13942           -          2509834577           -            2.3e-09   26.5   0.0   2.6e-09   26.3   0.0   1.0   1   0   0   1   1   1   1 -
Sfam_77599           -          2509834577           -            9.8e-09   24.2   0.0   1.2e-08   23.9   0.0   1.1   1   0   0   1   1   1   1 -
Sfam_85732           -          2509834577           -            1.7e-08   23.9   0.0     2e-08   23.7   0.0   1.1   1   0   0   1   1   1   1 -
Sfam_300212          -          2509834577           -            1.9e-08   24.2   0.0   2.2e-08   24.0   0.0   1.1   1   0   0   1   1   1   1 -
Sfam_20103           -          2509834577           -            2.2e-08   23.3   0.0   2.8e-08   23.0   0.0   1.1   1   0   0   1   1   1   1 -
Sfam_48606           -          2509834577           -            1.2e-07   20.8   0.0   1.5e-07   20.5   0.0   1.1   1   0   0   1   1   1   1 -
Sfam_56914           -          2509834577           -            3.3e-07   19.4   0.0   3.8e-07   19.2   0.0   1.0   1   0   0   1   1   1   1 -
Sfam_13850           -          2509834577           -            6.3e-07   18.4   0.0   6.5e-07   18.4   0.0   1.1   1   0   0   1   1   1   1 -
Sfam_48606           -          2509834898           -            3.4e-15   45.6   0.0   3.9e-15   45.5   0.0   1.0   1   0   0   1   1   1   1 -
Sfam_16989           -          2509834898           -            4.1e-14   42.4   0.0   4.7e-14   42.2   0.0   1.0   1   0   0   1   1   1   1 -
Sfam_4694            -          2509834898           -            1.1e-11   34.6   0.0   1.2e-11   34.5   0.0   1.1   1   0   0   1   1   1   1 -
Sfam_13942           -          2509834898           -            1.2e-11   33.9   0.0   1.5e-11   33.7   0.0   1.0   1   0   0   1   1   1   1 -
Sfam_4209            -          2509834898           -            2.7e-11   33.1   0.0   2.9e-11   33.0   0.0   1.0   1   0   0   1   1   1   1 -
Sfam_4782            -          2509834898           -            7.6e-11   32.0   0.0   8.6e-11   31.8   0.0   1.1   1   0   0   1   1   1   1 -
Sfam_85732           -          2509834898           -            1.1e-09   27.8   0.0   1.2e-09   27.7   0.0   1.0   1   0   0   1   1   1   1 -
Sfam_13850           -          2509834898           -            1.2e-09   27.4   0.0   1.2e-09   27.4   0.0   1.0   1   0   0   1   1   1   1 -
Sfam_3800            -          2509834898           -              2e-09   26.7   0.0     2e-09   26.7   0.0   1.0   1   0   0   1   1   1   1 -
Sfam_11213           -          2509834898           -            3.6e-08   22.7   0.0   3.9e-08   22.6   0.0   1.0   1   0   0   1   1   1   1 -
Sfam_56914           -          2509834898           -            7.1e-08   21.6   0.0   7.1e-08   21.6   0.0   1.0   1   0   0   1   1   1   1 -
Sfam_13758           -          2509834898           -            8.8e-07   18.0   0.0   8.8e-07   18.0   0.0   1.0   1   0   0   1   1   1   1 -
Sfam_300212          -          2509834898           -            1.5e-05   14.7   0.0   1.5e-05   14.7   0.0   1.1   1   0   0   1   1   1   1 -
Sfam_2371            -          2509834898           -            0.00012   11.2   0.0   0.00016   10.8   0.0   1.1   1   0   0   1   1   1   1 -
Sfam_13942           -          2509834933           -            4.4e-12   35.4   0.1   5.4e-12   35.1   0.1   1.0   1   0   0   1   1   1   1 -
Sfam_16989           -          2509834933           -            4.9e-11   32.3   0.1   5.9e-11   32.0   0.1   1.1   1   0   0   1   1   1   1 -
Sfam_48606           -          2509834933           -            1.5e-09   27.1   0.0   1.5e-09   27.1   0.0   1.1   1   0   0   1   1   1   1 -
Sfam_300212          -          2509834933           -            9.9e-09   25.1   0.0   1.3e-08   24.7   0.0   1.1   1   0   0   1   1   1   1 -
Sfam_4782            -          2509834933           -            1.1e-08   24.9   0.0   1.1e-08   24.8   0.0   1.1   1   0   0   1   1   1   1 -
Sfam_4694            -          2509834933           -            1.3e-08   24.4   0.0   1.3e-08   24.4   0.0   1.1   1   0   0   1   1   1   1 -
Sfam_85732           -          2509834933           -            1.8e-08   23.9   0.1   2.1e-08   23.7   0.1   1.1   1   0   0   1   1   1   1 -
Sfam_4209            -          2509834933           -              2e-08   23.7   0.0     2e-08   23.7   0.0   1.1   1   0   0   1   1   1   1 -
Sfam_3800            -          2509834933           -            8.8e-08   21.3   0.0   8.8e-08   21.3   0.0   1.0   1   0   0   1   1   1   1 -
Sfam_13758           -          2509834933           -            2.6e-06   16.5   0.0   2.6e-06   16.5   0.0   1.0   1   0   0   1   1   1   1 -
Sfam_11213           -          2509834933           -            9.6e-06   14.7   0.0     1e-05   14.6   0.0   1.0   1   0   0   1   1   1   1 -
Sfam_13850           -          2509834933           -            1.1e-05   14.3   0.0   1.1e-05   14.3   0.0   1.0   1   0   0   1   1   1   1 -
Sfam_56914           -          2509834933           -            0.00022   10.1   0.0   0.00023   10.1   0.0   1.1   1   0   0   1   1   1   1 -
#
# Program:         hmmscan
# Version:         3.1b1 (May 2013)
# Pipeline mode:   SCAN
# Query file:      ../data/11048.faa
# Target file:     ../data/cao_sfams_for_search
# Option settings: hmmscan -o ../data/c.fritschii.caos --tblout ../data/c.fritschii.caos.tbl -E 0.01 --cpu 6 ../data/cao_sfams_for_search ../data/11048.faa 
# Current dir:     /users/bmg/benmpe/Airs/ipython
# Date:            Fri Apr 25 10:47:46 2014
# [ok]
